01010011
01110000
01101001
01110010
01100001
00000000
00100000
01000011
01101001
01110110
01101001
00000000
01101001
00000000
01100001
01110100
01101001
00000000
00000000
00100000
00000000
10000000
10010100
00100000
01010011
01101001
01100111
00000000
01100001
00000000
00100000
01000011
01100001
01110000
01110011
01110101
00000000
01100101
00000000
00100000
00110011
01001001
00000000
01000001
01010100
00000000
01000001
01010011
00000000
01010100
01101001
00000000
01100101
01110011
01110100
01100001
00000000
01110000
00000000
00100000
00110010
00110000
00110010
00110101
00000000
00110000
00111001
00000000
00110001
00110010
00100000
00110010
00110011
00000000
00110010
00110010
00100000
01000010
01010011
01010100
00000000
00000000
01010100
00000000
00100000
01110100
01101000
01100101
00100000
00000000
01100010
00000000
01100101
01100011
01110100
00100000
01100100
01100101
01110011
01101001
01100111
00000000
01100001
01110100
01100101
01100100
00100000
00110011
01001001
00000000
01000001
01010100
00000000
01000001
01010011
00000000
00000000
00000000
01010111
01100101
00100000
01100100
01100101
01100011
00000000
01100001
01110010
01100101
00100000
01010011
01110000
01101001
01110010
01100001
00000000
00100000
01000011
01101001
01110110
01101001
00000000
01101001
00000000
01100001
01110100
01101001
00000000
00000000
00000000
00100000
00100000
00000000
01010111
01100101
00100000
01100100
01100101
01100011
00000000
01100001
01110010
01100101
00100000
01000100
01100001
00000000
01101001
01100101
00000000
00100000
00000000
01101001
01100111
01101000
01110100
01100110
00000000
00000000
01110100
00000000
00100000
01010011
00000000
01110110
01100101
01110010
01100101
01101001
01100111
00000000
00100000
01000110
00000000
01100001
00000000
01100101
01100010
01100101
01100001
01110010
01100101
01110010
00000000
00100000
00100000
00000000
01010111
01100101
00100000
01100100
01100101
01100011
00000000
01100001
01110010
01100101
00100000
01100001
01100011
01101000
01100101
00000000
00100000
01110000
01110010
01101001
01100100
01100101
00000000
00100000
01100111
01110010
01101001
01100101
01100110
00000000
00100000
00000000
00000000
00000000
01100111
01101001
00000000
01100111
00000000
00100000
01101000
00000000
01110000
01100101
00000000
00100000
01100001
00000000
01100100
00100000
00000000
00000000
01110110
01100101
00100000
01100001
01110011
00100000
00000000
01110000
01100101
01110010
01100001
01110100
01101001
00000000
00000000
01100001
00000000
00100000
01110011
01101001
01100111
00000000
01100001
00000000
01110011
00000000
00000000
00000000
01010111
01100101
00100000
01100100
00000000
00100000
00000000
00000000
01110100
00100000
01110011
01101001
00000000
01110101
00000000
01100001
01110100
01100101
00000000
00100000
01010111
01100101
00100000
01110010
01100101
00000000
01100101
00000000
01100010
01100101
01110010
00000000
00100000
00100000
00000000
01010111
01100101
00100000
01100100
00000000
00100000
00000000
00000000
01110100
00100000
01100100
01110010
01101001
01100110
01110100
00000000
00100000
01010111
01100101
00100000
01110011
01100101
01100001
00000000
00000000
00100000
00100000
00000000
01010111
01100101
00100000
01100100
00000000
00100000
00000000
00000000
01110100
00100000
01100110
01100101
01100001
01110010
00000000
00100000
01010111
01100101
00100000
01100100
01100101
01100011
00000000
01100001
01110010
01100101
00000000
00000000
00000000
01000101
00000000
01100011
00000000
01100100
01100101
01100100
00100000
01100101
00000000
00000000
01110100
01101001
00000000
00000000
01100001
00000000
00100000
00000000
01100001
01110100
01110100
01101001
01100011
01100101
00000000
00000000
00000000
00100000
01000111
01110101
01101001
00000000
01110100
00000000
00100000
01000110
00000000
01110010
00100000
01110111
01101000
01100001
01110100
00100000
01110111
01100101
00100000
01100110
00000000
01110010
01100111
00000000
01110100
00000000
00000000
00000000
00100000
00000000
00000000
00000000
01100111
01101001
00000000
01100111
00000000
00100000
01000110
00000000
01110010
00100000
01110111
01101000
01100001
01110100
00100000
01111001
00000000
01110101
00100000
01100011
01100001
01110010
01110010
01111001
00000000
00000000
00000000
00100000
01010000
01110010
01101001
01100100
01100101
00000000
00100000
01001001
00000000
00100000
00000000
01110101
01110010
00100000
01110010
01100101
01100011
01110101
01110010
01110011
01101001
00000000
00000000
00000000
00000000
00000000
00100000
01000111
01110010
01101001
01100101
01100110
00000000
00100000
01000110
00000000
01110010
00100000
00000000
00000000
01110011
01110100
00100000
01100011
01101001
01110110
01101001
00000000
01101001
00000000
01100001
01110100
01101001
00000000
00000000
01110011
00000000
00000000
00000000
00100000
01001000
00000000
01110000
01100101
00000000
00100000
01010100
01101000
01100001
01110100
00100000
01111001
00000000
01110101
00100000
01110010
01100101
01110011
01110000
00000000
00000000
01100100
00000000
00000000
00000000
00100000
00000000
00000000
01110110
01100101
00000000
00100000
01010100
01101000
01100001
01110100
00100000
01111001
00000000
01110101
00100000
01100001
01110010
01110010
01101001
01110110
01100101
01100100
00000000
00000000
00000000
01001001
01100110
00100000
01111001
00000000
01110101
00100000
01100001
01110010
01100101
00100000
00000000
01100101
00000000
00000000
01110010
01111001
00000000
00100000
01110111
01100101
00100000
01100001
01110010
01100101
00100000
01110100
01100101
01110010
01110010
01100001
01101001
00000000
00000000
00100000
00100000
00000000
01001001
01100110
00100000
01111001
00000000
01110101
00100000
01100001
01110010
01100101
00100000
01110011
01101001
01100111
00000000
01100001
00000000
00000000
00100000
01110111
01100101
00100000
01100001
01110010
01100101
00100000
01110111
01101001
01110100
00000000
01100101
01110011
01110011
00000000
00100000
00100000
00000000
01001001
01100110
00100000
01111001
00000000
01110101
00100000
01100001
01110010
01100101
00100000
01100001
01110010
01110100
01101001
01100110
01100001
01100011
01110100
00000000
00100000
01110111
01100101
